This notepad takes measurements from the generator and then the loadCR going from 1ohm to 31 by 0.3 increments
Time,TimeLoop, counter, R set, Vm, Im, Rm
0.002478361129760742,0.002478361129760742,0,1,5.38,0.001,5380.0
2.0142617225646973,0.0028328895568847656,1,1.03,5.38,0.001,5380.0
4.070113182067871,0.026520729064941406,2,1.06,5.38,0.001,5380.0
6.077431678771973,0.002846240997314453,3,1.09,5.38,0.001,5380.0
8.092091083526611,0.0024313926696777344,4,1.12,5.38,0.001,5380.0
10.109978675842285,0.0019366741180419922,5,1.1500000000000001,5.38,0.001,5380.0
12.114543914794922,0.0019843578338623047,6,1.1800000000000002,5.38,0.001,5380.0
14.123364925384521,0.007199287414550781,7,1.2100000000000002,5.38,0.001,5380.0
16.136616230010986,0.0020723342895507812,8,1.2400000000000002,5.38,0.001,5380.0
18.167588710784912,0.0024597644805908203,9,1.2700000000000002,5.38,0.001,5380.0
20.20399308204651,0.00861358642578125,10,1.3000000000000003,5.38,0.001,5380.0
22.22563147544861,0.002378225326538086,11,1.3300000000000003,5.38,0.001,5380.0
24.264689683914185,0.01216268539428711,12,1.3600000000000003,5.38,0.001,5380.0
26.28416657447815,0.002627134323120117,13,1.3900000000000003,5.38,0.001,5380.0
28.33383345603943,0.03754019737243652,14,1.4200000000000004,2.3,1.562,1.4724711907810497
30.36085820198059,0.0024881362915039062,15,1.4500000000000004,2.32,1.553,1.493882807469414
32.402745962142944,0.013391733169555664,16,1.4800000000000004,2.37,1.553,1.526078557630393
34.42351984977722,0.0019838809967041016,17,1.5100000000000005,2.41,1.553,1.551835157759176
36.46396255493164,0.011358976364135742,18,1.5400000000000005,2.46,1.553,1.5840309079201547
38.499600410461426,0.0021576881408691406,19,1.5700000000000005,2.51,1.553,1.6162266580811333
40.54243350028992,0.029090166091918945,20,1.6000000000000005,2.55,1.553,1.6419832582099163
42.56069874763489,0.0024411678314208984,21,1.6300000000000006,2.6,1.553,1.6741790083708952
44.599127531051636,0.02033543586730957,22,1.6600000000000006,2.65,1.553,1.7063747585318738
46.63422608375549,0.0024261474609375,23,1.6900000000000006,2.69,1.553,1.7321313586606568
48.674081563949585,0.009818792343139648,24,1.7200000000000006,2.74,1.553,1.7643271088216357
50.684836626052856,0.0054836273193359375,25,1.7500000000000007,2.79,1.553,1.7965228589826143
52.69667029380798,0.0027451515197753906,26,1.7800000000000007,2.83,1.553,1.8222794591113973
54.71883749961853,0.009167671203613281,27,1.8100000000000007,2.88,1.553,1.854475209272376
56.72910141944885,0.005959987640380859,28,1.8400000000000007,2.93,1.553,1.886670959433355
58.74177074432373,0.0027701854705810547,29,1.8700000000000008,2.97,1.553,1.912427559562138
60.765207290649414,0.009025096893310547,30,1.9000000000000008,3.02,1.553,1.9446233097231167
62.789223432540894,0.0029578208923339844,31,1.9300000000000008,3.07,1.553,1.9768190598840953
64.84291648864746,0.010635852813720703,32,1.9600000000000009,3.11,1.553,2.0025756600128783
66.85416316986084,0.0055446624755859375,33,1.9900000000000009,3.16,1.553,2.034771410173857
68.86686706542969,0.0024650096893310547,34,2.020000000000001,3.21,1.553,2.066967160334836
70.88941836357117,0.009996891021728516,35,2.0500000000000007,3.25,1.553,2.092723760463619
72.90039801597595,0.004466056823730469,36,2.0800000000000005,3.3,1.553,2.1249195106245975
74.91470646858215,0.0033376216888427734,37,2.1100000000000003,3.35,1.553,2.1571152607855764
76.93556046485901,0.009821414947509766,38,2.14,3.39,1.553,2.1828718609143594
78.96344113349915,0.020812273025512695,39,2.17,3.44,1.553,2.2150676110753382
80.99273562431335,0.0030813217163085938,40,2.1999999999999997,3.49,1.553,2.247263361236317
83.02357840538025,0.0044629573822021484,41,2.2299999999999995,3.53,1.553,2.2730199613650997
85.03599905967712,0.001983642578125,42,2.2599999999999993,3.58,1.553,2.3052157115260785
87.05932331085205,0.010880231857299805,43,2.289999999999999,3.63,1.553,2.3374114616870574
89.0767912864685,0.014351367950439453,44,2.319999999999999,3.67,1.553,2.3631680618158404
91.0937089920044,0.0019843578338623047,45,2.3499999999999988,3.7,1.543,2.397926117952042
93.12979364395142,0.02380824089050293,46,2.3799999999999986,3.74,1.543,2.4238496435515233
95.13738560676575,0.002018451690673828,47,2.4099999999999984,3.79,1.543,2.456254050550875
97.19024991989136,0.025247812271118164,48,2.439999999999998,3.83,1.543,2.4821775761503564
99.19735813140869,0.0020017623901367188,49,2.469999999999998,3.88,1.543,2.5145819831497085
101.25044584274292,0.025485754013061523,50,2.499999999999998,3.93,1.543,2.5469863901490606
103.2590982913971,0.002703428268432617,51,2.5299999999999976,3.97,1.542,2.574578469520104
105.28137350082397,0.011270761489868164,52,2.5599999999999974,4.02,1.542,2.6070038910505833
107.30501174926758,0.0029070377349853516,53,2.589999999999997,4.07,1.542,2.6394293125810635
109.34230089187622,0.01041555404663086,54,2.619999999999997,4.11,1.542,2.6653696498054478
111.35485792160034,0.002840280532836914,55,2.649999999999997,4.16,1.542,2.6977950713359276
113.38606643676758,0.002016782760620117,56,2.6799999999999966,4.2,1.542,2.7237354085603114
115.4185631275177,0.002714395523071289,57,2.7099999999999964,4.25,1.542,2.756160830090791
117.46368432044983,0.0019834041595458984,58,2.739999999999996,4.3,1.542,2.788586251621271
119.47944140434265,0.0029773712158203125,59,2.769999999999996,4.34,1.542,2.8145265888456548
121.51710963249207,0.009920120239257812,60,2.799999999999996,4.39,1.542,2.8469520103761345
123.53714513778687,0.0019843578338623047,61,2.8299999999999956,4.4,1.533,2.870189171559035
125.56958055496216,0.0025544166564941406,62,2.8599999999999954,4.45,1.533,2.9028049575994785
127.58732914924622,0.0025315284729003906,63,2.8899999999999952,4.5,1.532,2.93733681462141
129.61976766586304,0.002497434616088867,64,2.919999999999995,4.54,1.532,2.9634464751958225
131.65254402160645,0.002676725387573242,65,2.949999999999995,4.59,1.532,2.996083550913838
133.69780707359314,0.021051645278930664,66,2.9799999999999947,4.64,1.532,3.0287206266318534
135.71288752555847,0.009942770004272461,67,3.0099999999999945,4.68,1.532,3.0548302872062663
137.7286458015442,0.009648799896240234,68,3.0399999999999943,4.7,1.523,3.086014445173999
139.75688409805298,0.002444028854370117,69,3.069999999999994,4.75,1.523,3.1188443860801054
141.79337859153748,0.007086992263793945,70,3.099999999999994,4.79,1.523,3.1451083388049903
143.81277132034302,0.011408567428588867,71,3.1299999999999937,4.83,1.523,3.1713722915298757
145.8325798511505,0.002293109893798828,72,3.1599999999999935,4.88,1.523,3.2042022324359816
147.87252736091614,0.013699531555175781,73,3.1899999999999933,4.88,1.508,3.236074270557029
149.89323806762695,0.0025441646575927734,74,3.219999999999993,4.89,1.498,3.264352469959946
151.92516112327576,0.006494998931884766,75,3.249999999999993,4.89,1.484,3.2951482479784366
153.94888758659363,0.01051187515258789,76,3.2799999999999927,4.88,1.469,3.3219877467665078
156.00346159934998,0.03132271766662598,77,3.3099999999999925,4.89,1.459,3.351610692254969
158.02834820747375,0.0099029541015625,78,3.3399999999999923,4.9,1.447,3.3863165169315828
160.04297494888306,0.007708549499511719,79,3.369999999999992,4.9,1.436,3.412256267409471
162.0670096874237,0.016528844833374023,80,3.399999999999992,4.91,1.423,3.4504567814476457
164.10605382919312,0.009972333908081055,81,3.4299999999999917,4.91,1.411,3.479801559177888
166.145663022995,0.022731781005859375,82,3.4599999999999915,4.92,1.402,3.509272467902996
168.1686623096466,0.0019867420196533203,83,3.4899999999999913,4.92,1.39,3.539568345323741
170.21353697776794,0.014237165451049805,84,3.519999999999991,4.91,1.378,3.5631349782293182
172.220139503479,0.002493619918823242,85,3.549999999999991,4.93,1.369,3.601168736303871
174.28410005569458,0.03513479232788086,86,3.5799999999999907,4.93,1.358,3.6303387334315165
176.31148028373718,0.010705709457397461,87,3.6099999999999905,4.93,1.347,3.659985152190052
178.34403944015503,0.02616119384765625,88,3.6399999999999904,4.93,1.338,3.684603886397608
180.34939765930176,0.0025205612182617188,89,3.66999999999999,4.94,1.328,3.7198795180722892
182.37486577033997,0.010356664657592773,90,3.69999999999999,4.94,1.317,3.7509491268033415
184.38354063034058,0.001982450485229492,91,3.7299999999999898,4.95,1.308,3.7844036697247705
186.40003180503845,0.0020236968994140625,92,3.7599999999999896,4.94,1.299,3.8029253271747505
188.459645986557,0.045142173767089844,93,3.7899999999999894,4.95,1.289,3.840186190845617
190.46400809288025,0.0022542476654052734,94,3.819999999999989,4.95,1.281,3.864168618266979
192.47982025146484,0.0027828216552734375,95,3.849999999999989,4.96,1.271,3.9024390243902443
194.50430560112,0.011509418487548828,96,3.879999999999989,4.96,1.262,3.93026941362916
196.5110924243927,0.0022275447845458984,97,3.9099999999999886,4.97,1.254,3.963317384370016
198.52747344970703,0.002518177032470703,98,3.9399999999999884,4.96,1.246,3.980738362760835
200.5599045753479,0.0047760009765625,99,3.969999999999988,4.97,1.237,4.017784963621665
202.58538508415222,0.010378122329711914,100,3.999999999999988,4.96,1.226,4.045676998368679