This notepad takes measurements from the generator and then the loadCR going from 1ohm to 31 by 0.3 increments
Time,TimeLoop, counter, R set, Vm, Im, Rm
0.001984834671020508,0.001984834671020508,0,1,5.38,0.001,5380.0
2.0222301483154297,0.009003639221191406,1,1.03,5.38,0.001,5380.0
4.034308195114136,0.002676248550415039,2,1.06,5.38,0.001,5380.0
6.051103115081787,0.0024013519287109375,3,1.09,5.38,0.001,5380.0
8.091861486434937,0.024324417114257812,4,1.12,5.38,0.001,5380.0
10.102489471435547,0.0025463104248046875,5,1.1500000000000001,5.38,0.001,5380.0
12.113520622253418,0.008804798126220703,6,1.1800000000000002,5.38,0.001,5380.0
14.123434782028198,0.0023174285888671875,7,1.2100000000000002,5.38,0.001,5380.0
16.145587682724,0.001986265182495117,8,1.2400000000000002,5.38,0.001,5380.0
18.179863452911377,0.020832061767578125,9,1.2700000000000002,5.38,0.001,5380.0
20.192262649536133,0.0020172595977783203,10,1.3000000000000003,5.38,0.001,5380.0
22.201294422149658,0.006827592849731445,11,1.3300000000000003,5.38,0.001,5380.0
24.22869634628296,0.0022821426391601562,12,1.3600000000000003,5.38,0.001,5380.0
26.247008085250854,0.0022668838500976562,13,1.3900000000000003,5.38,0.001,5380.0
28.293995141983032,0.015511274337768555,14,1.4200000000000004,2.31,1.561,1.4798206278026906
30.300128698349,0.002716541290283203,15,1.4500000000000004,2.34,1.552,1.5077319587628866
32.3124577999115,0.00989675521850586,16,1.4800000000000004,2.38,1.552,1.5335051546391751
34.3321692943573,0.00991964340209961,17,1.5100000000000005,2.43,1.552,1.565721649484536
36.346794843673706,0.002542257308959961,18,1.5400000000000005,2.48,1.552,1.5979381443298968
38.351269245147705,0.0021905899047851562,19,1.5700000000000005,2.52,1.552,1.6237113402061856
40.357728004455566,0.003954887390136719,20,1.6000000000000005,2.57,1.552,1.6559278350515463
42.38598108291626,0.0024824142456054688,21,1.6300000000000006,2.61,1.552,1.6817010309278349
44.4227979183197,0.008004426956176758,22,1.6600000000000006,2.66,1.552,1.713917525773196
46.452818393707275,0.002367258071899414,23,1.6900000000000006,2.71,1.552,1.7461340206185567
48.470372915267944,0.002454042434692383,24,1.7200000000000006,2.76,1.552,1.7783505154639174
50.52039933204651,0.019801855087280273,25,1.7500000000000007,2.8,1.552,1.804123711340206
52.539270639419556,0.002711057662963867,26,1.7800000000000007,2.85,1.552,1.836340206185567
54.56063723564148,0.006079435348510742,27,1.8100000000000007,2.89,1.552,1.8621134020618557
56.575053215026855,0.002749204635620117,28,1.8400000000000007,2.94,1.552,1.8943298969072164
58.610981464385986,0.002204418182373047,29,1.8700000000000008,2.99,1.552,1.9265463917525774
60.64499497413635,0.004923820495605469,30,1.9000000000000008,3.03,1.552,1.9523195876288657
62.65987253189087,0.0022492408752441406,31,1.9300000000000008,3.08,1.552,1.9845360824742269
64.70129108428955,0.00968313217163086,32,1.9600000000000009,3.13,1.552,2.0167525773195876
66.72890448570251,0.002718210220336914,33,1.9900000000000009,3.17,1.552,2.042525773195876
68.77191519737244,0.010472774505615234,34,2.020000000000001,3.22,1.552,2.0747422680412373
70.79793167114258,0.002808094024658203,35,2.0500000000000007,3.27,1.552,2.106958762886598
72.81369590759277,0.0019767284393310547,36,2.0800000000000005,3.32,1.552,2.1391752577319587
74.84742951393127,0.0019707679748535156,37,2.1100000000000003,3.36,1.552,2.1649484536082473
76.86741709709167,0.0024712085723876953,38,2.14,3.41,1.552,2.1971649484536084
78.92532896995544,0.023386001586914062,39,2.17,3.45,1.552,2.222938144329897
80.95142531394958,0.0017859935760498047,40,2.1999999999999997,3.5,1.552,2.2551546391752577
82.98574161529541,0.017616748809814453,41,2.2299999999999995,3.55,1.552,2.2873711340206184
85.00125861167908,0.0024776458740234375,42,2.2599999999999993,3.59,1.552,2.313144329896907
87.02555131912231,0.005114316940307617,43,2.289999999999999,3.64,1.552,2.345360824742268
89.04931282997131,0.009964704513549805,44,2.319999999999999,3.69,1.552,2.377577319587629
91.05920100212097,0.002772808074951172,45,2.3499999999999988,3.71,1.541,2.407527579493835
93.09202480316162,0.021383047103881836,46,2.3799999999999986,3.76,1.541,2.4399740428293315
95.10803270339966,0.0025365352630615234,47,2.4099999999999984,3.8,1.541,2.4659312134977287
97.13149309158325,0.008335351943969727,48,2.439999999999998,3.85,1.541,2.4983776768332255
99.1440544128418,0.0020253658294677734,49,2.469999999999998,3.89,1.541,2.5243348475016227
101.16234230995178,0.001768350601196289,50,2.499999999999998,3.94,1.541,2.5567813108371187
103.19822669029236,0.031542301177978516,51,2.5299999999999976,3.99,1.541,2.5892277741726155
105.2063217163086,0.0022199153900146484,52,2.5599999999999974,4.03,1.541,2.6151849448410127
107.22349262237549,0.010111093521118164,53,2.589999999999997,4.08,1.541,2.647631408176509
109.23430275917053,0.002477884292602539,54,2.619999999999997,4.13,1.541,2.680077871512005
111.2527105808258,0.0022945404052734375,55,2.649999999999997,4.17,1.541,2.7060350421804023
113.28639698028564,0.0034720897674560547,56,2.6799999999999966,4.22,1.541,2.7384815055158986
115.30739712715149,0.002285003662109375,57,2.7099999999999964,4.26,1.541,2.764438676184296
117.34671521186829,0.00669550895690918,58,2.739999999999996,4.31,1.541,2.7968851395197922
119.36474347114563,0.0026733875274658203,59,2.769999999999996,4.36,1.541,2.829331602855289
121.45106172561646,0.05600714683532715,60,2.799999999999996,4.41,1.541,2.8617780661907855
123.46528792381287,0.002305746078491211,61,2.8299999999999956,4.42,1.532,2.8851174934725847
125.48349523544312,0.0022954940795898438,62,2.8599999999999954,4.47,1.532,2.9177545691906004
127.48928189277649,0.00470423698425293,63,2.8899999999999952,4.51,1.532,2.943864229765013
129.5056824684143,0.002279043197631836,64,2.919999999999995,4.56,1.532,2.9765013054830285
131.52725625038147,0.006450653076171875,65,2.949999999999995,4.6,1.532,3.002610966057441
133.57023215293884,0.015177488327026367,66,2.9799999999999947,4.65,1.532,3.035248041775457
135.5927917957306,0.00947427749633789,67,3.0099999999999945,4.7,1.532,3.0678851174934727
137.62447452545166,0.01022648811340332,68,3.0399999999999943,4.71,1.522,3.0946123521681996
139.65206670761108,0.020697832107543945,69,3.069999999999994,4.76,1.522,3.1274638633377134
141.66656374931335,0.0019466876983642578,70,3.099999999999994,4.8,1.522,3.1537450722733245
143.69691967964172,0.015444755554199219,71,3.1299999999999937,4.85,1.522,3.1865965834428382
145.71589398384094,0.002239704132080078,72,3.1599999999999935,4.87,1.519,3.206056616194865
147.72843623161316,0.009978055953979492,73,3.1899999999999933,4.88,1.504,3.24468085106383
149.73887872695923,0.002496480941772461,74,3.219999999999993,4.88,1.494,3.266398929049531
151.7442660331726,0.0030498504638671875,75,3.249999999999993,4.88,1.478,3.301759133964817
153.76540660858154,0.010209798812866211,76,3.2799999999999927,4.89,1.465,3.337883959044368
155.78373408317566,0.008319616317749023,77,3.3099999999999925,4.9,1.454,3.3700137551581846
157.81564784049988,0.009712696075439453,78,3.3399999999999923,4.89,1.441,3.3934767522553777
159.82796430587769,0.0022132396697998047,79,3.369999999999992,4.91,1.432,3.4287709497206706
161.86537384986877,0.0024836063385009766,80,3.399999999999992,4.91,1.419,3.460183227625088
163.89074206352234,0.009886980056762695,81,3.4299999999999917,4.91,1.407,3.489694385216773
165.94647312164307,0.031180381774902344,82,3.4599999999999915,4.91,1.398,3.5121602288984266
167.95088124275208,0.0022211074829101562,83,3.4899999999999913,4.91,1.386,3.542568542568543
169.97843503952026,0.010538816452026367,84,3.519999999999991,4.92,1.375,3.578181818181818
171.98843264579773,0.0019865036010742188,85,3.549999999999991,4.93,1.365,3.6117216117216113
174.02144479751587,0.0019681453704833984,86,3.5799999999999907,4.92,1.354,3.6336779911373704
176.0603859424591,0.01978588104248047,87,3.6099999999999905,4.92,1.343,3.663440059568131
178.0935995578766,0.0025594234466552734,88,3.6399999999999904,4.94,1.334,3.7031484257871066
180.1369230747223,0.010114431381225586,89,3.66999999999999,4.94,1.324,3.731117824773414
182.14856576919556,0.002027750015258789,90,3.69999999999999,4.94,1.315,3.756653992395438
184.16087985038757,0.009743928909301758,91,3.7299999999999898,4.95,1.307,3.787299158377965
186.18304467201233,0.009670495986938477,92,3.7599999999999896,4.95,1.295,3.8223938223938227
188.19740056991577,0.002737760543823242,93,3.7899999999999894,4.95,1.288,3.843167701863354
190.23733162879944,0.029103994369506836,94,3.819999999999989,4.96,1.277,3.8841033672670324
192.24448323249817,0.0026988983154296875,95,3.849999999999989,4.95,1.268,3.9037854889589907
194.25932717323303,0.009985208511352539,96,3.879999999999989,4.95,1.258,3.934817170111288
196.28242135047913,0.013887166976928711,97,3.9099999999999886,4.96,1.25,3.968
198.2893931865692,0.0021440982818603516,98,3.9399999999999884,4.97,1.243,3.9983909895414316
200.34281754493713,0.02579212188720703,99,3.969999999999988,4.96,1.234,4.019448946515397
202.36146688461304,0.010202407836914062,100,3.999999999999988,4.97,1.224,4.060457516339869